100
2
10 11
3
0 9 9
4
81 67 83 86
3
11 22 30
1
0
1
5
1
999999
1
1000000
2
5 10
3
0 10 11
5
10 20 21 22 23
5
422808 211404 761062 845625 491519
5
57 63 35 90 41
5
55 1 74 19 29
5
11 5 93 98 81
5
4 34 80 13 65
5
97 13 53 37 95
5
88 55 28 92 16
5
51 42 3 58 9
5
12 57 15 35 56
5
68 26 63 88 86
5
4 63 0 76 8
10
26 43 96 75 32 18 73 18 52 86
10
70 55 24 42 2 1 21 27 36 11
10
2 20 91 51 49 55 43 45 87 23
10
9 32 0 18 17 56 92 73 30 63
10
68 18 39 68 85 68 57 93 23 17
10
58 47 65 40 82 8 40 67 72 99
10
7 12 6 89 72 29 24 37 10 76
10
35 57 15 89 23 65 30 27 84 31
10
78 99 9 45 39 69 25 91 66 66
10
29 70 75 20 8 23 79 28 94 43
5
916099 898832 924770 910273 884834
5
946557 842042 850343 942740 888458
5
852946 830531 916920 830878 826474
5
860806 850104 926553 975575 941458
5
992684 913779 963874 826836 906299
5
889679 946682 908816 889272 822686
5
870785 954467 996449 987872 980047
5
960457 816516 923300 945975 931975
5
979576 990777 988696 830393 938401
5
884385 890839 931175 825362 879351
10
902828 936680 801091 929794 805758 803956 884992 923942 990043 989379
10
903307 908477 982712 944317 933050 903640 997001 881885 865884 849317
10
989557 819626 899886 838895 920014 878936 883883 930104 825502 928998
10
856370 897948 959356 878539 917051 953840 832226 989040 968543 963948
10
866048 894039 921797 876575 879722 872568 829667 895534 848457 885759
10
874155 988781 808863 889268 965680 806022 950171 834715 919383 997258
10
933357 806341 833880 878204 842120 880609 811454 947741 810229 990027
10
850065 872338 920161 891959 917910 920396 967458 861216 934502 960628
10
949279 899008 877024 858861 957677 911688 897850 841205 943626 866310
10
807440 842840 916757 805265 820245 994440 945857 913162 810051 933259
10
864355 20 899270 18 46 925172 982020 69 972334 18
10
5 962453 95 881510 987930 844260 85 919420 87 91
10
877259 44 968524 83 883473 77 919205 888589 33 35
10
11 901572 907812 13 84 873164 37 906439 2 891279
10
886076 854329 17 95 0 990381 863313 13 922674 94
10
4 890692 807253 955349 9 23 811264 17 11 941014
10
937889 87 825994 16 47 9 901553 818597 812929 63
10
58 826563 71 923311 14 40 915619 987897 913755 9
10
68 839895 94 65 23 851253 913404 894368 854209 90
10
69 44 820521 27 920961 42 916772 8 867160 977680
10
75 870105 26 974314 19 66 877132 95 934106 899150
10
52 991775 882027 73 881226 30 10 6 860547 861714
10
67 838674 61 949371 960813 948034 77 957847 72 2
10
27 992043 59 832124 984774 18 990189 61 73 991826
10
829784 77 15 812529 23 74 970730 865356 33 858052
10
995902 89 18 76 79 808600 927710 63 902669 873961
10
49 936612 47 922707 902473 860023 0 17 974307 68
10
828288 96 999149 92 23 870172 61 827588 44 808570
10
89 962381 964892 841172 1 928741 73 5 29 868429
10
831766 967564 41 808490 18 820060 885340 16 12 75
7
262278 242650 502965 232160 480830 16315 233235
8
140525 524715 540070 11045 175904 852355 58595 50215
9
50915 282670 136468 505872 744960 508080 447705 191940 496335
8
15795 138515 563276 450570 872650 940695 96814 634140
10
55825 121155 650450 89411 24330 453540 891480 820195 754160 57375
9
772699 303925 889680 491130 862005 864080 715023 469082 777369
7
353722 437830 888030 29360 8690 965193 663680
8
810335 670570 74960 809702 392740 731450 375710 339985
9
444050 633535 473767 507235 561665 620020 533750 460405 413450
9
338720 248535 660805 279965 248788 467959 64485 171887 646221
8
630240 739850 911554 83250 162240 605540 602350 2495
8
687180 832505 920975 786425 140402 255200 772590 214885
9
631245 259870 23915 808265 806442 484980 827945 597625 530015
8
322986 980585 650939 906390 131845 914615 528579 409695
8
301690 845520 495820 409955 495125 745275 499945 592533
7
721865 319130 996825 445629 380289 556431 585568
9
161960 435302 950820 879300 507814 62785 282305 442605 287790
10
333200 352825 910665 571944 837740 402570 418170 839455 349940 499255
7
975915 757520 647445 764995 804755 7905 128865
7
12080 954970 952835 723860 565425 364779 316772
7
723422 299297 560430 935499 126839 56897 678521
9
470182 567449 244097 84202 501601 175350 249848 795825 932471
5
114952 298972 866018 371923 573432
8
461195 149765 971878 946044 710776 800775 944639 667728
10
791857 208425 421717 530739 725523 671955 938160 427754 184491 635092
10
394683 973034 231439 386354 663826 774105 628827 761284 589642 531911
7
121037 789043 271461 782950 418883 742667 702725
1
915153
